O 885 650 15 15
O 885 620 15 15
O 955 650 15 15
O 955 620 15 15
O 920 610 50 10
O 1045 650 15 15
O 1045 620 15 15
O 1115 650 15 15
O 1115 620 15 15
O 1080 610 50 10
O 915 470 15 15
O 915 500 15 15
O 985 470 15 15
O 985 500 15 15
O 950 450 50 10
O 1014 470 15 15
O 1014 500 15 15
O 1085 470 15 15
O 1085 500 15 15
O 1050 450 50 10
O 950 430 15 15
O 950 410 15 15
O 1050 430 15 15
O 1050 410 15 15
O 1000 365 66 10
E 920 640 200 200
E 1000 640 200 200
E 1080 640 200 200
E 950 500 200 200
E 1050 500 200 200
E 1017 430 200 200
E 983 430 200 200
S 400 715 12800 16 0
S 3088 10000 10 50000 1
S -845 10000 10 50000 1
S 1000 685 130 15 5
S 1000 535 100 13 5
B 0 1 2 1 0 1 1 0 1