O 915 470 15 15
O 915 500 15 15
O 985 470 15 15
O 985 500 15 15
O 950 450 50 10
O 1014 470 15 15
O 1014 500 15 15
O 1085 470 15 15
O 1085 500 15 15
O 1050 450 50 10
O 950 430 15 15
O 950 410 15 15
O 1050 430 15 15
O 1050 410 15 15
O 1000 365 66 10
O 1165 185 15 15
O 1165 215 15 15
O 1235 185 15 15
O 1235 215 15 15
O 1200 165 50 10
O 1264 185 15 15
O 1264 215 15 15
O 1335 185 15 15
O 1335 215 15 15
O 1300 165 50 10
O 1200 145 15 15
O 1200 125 15 15
O 1300 145 15 15
O 1300 125 15 15
O 1250 80 66 10
O 665 185 15 15
O 665 215 15 15
O 735 185 15 15
O 735 215 15 15
O 700 165 50 10
O 764 185 15 15
O 764 215 15 15
O 835 185 15 15
O 835 215 15 15
O 800 165 50 10
O 700 145 15 15
O 700 125 15 15
O 800 145 15 15
O 800 125 15 15
O 750 80 66 10
E 950 500 200 200
E 1050 500 200 200
E 1017 430 200 200
E 983 430 200 200
E 1000 350 200 200
E 700 215 200 200
E 800 215 200 200
E 767 145 200 200
E 733 145 200 200
E 1200 215 200 200
E 1300 215 200 200
E 1267 145 200 200
E 1233 145 200 200
S 400 715 12800 16 0
S 3088 10000 10 50000 1
S -845 10000 10 50000 1
S 1000 578 130 30 5
S 1000 535 100 13 5
S 1000 650 180 50 5
S 1250 250 100 13 5
S 750 250 100 13 5
B 0 1 2 2 0 0 2 1 2 2 0 1 2